14
31
315.9211
0 -30 0 -4 
1 -30 0 4 
2 -22 7 -4 
3 -22 7 4 
4 -6 8 -4 
5 -6 8 4 
6 11 8 -4 
7 11 8 4 
8 17 0 4 
9 17 0 -4 
10 -14 0 -4 
11 -14 0 4 
12 3 0 -4 
13 3 0 4 
0 0 0
1 1 0
2 2 0
3 3 0
4 4 0
5 5 0
8 7 10
9 6 10
6 4 17.00001
7 5 17.00001
4 2 16.03122
5 3 16.03122
2 0 10.63015
3 1 10.63015
0 10 16.00001
1 11 16.00001
10 12 17.00001
11 13 17.00001
12 9 14.00001
13 8 14.00001
12 6 11.31371
13 7 11.31371
12 4 12.04159
13 5 12.04159
10 4 11.31371
11 5 11.31371
10 2 10.63015
11 3 10.63015
5 4 8
7 6 8
2 3 8

